avg_interface_density: 0.4256337552853552
avg_resources:
  blue: 200
  red: 200
avg_sims:
  blue: 0.2
  red: 0.2
avg_unhappy: 0.4256337552853552
stdev_interface_density: 0.005111962977286035
stdev_resources:
  blue: 0.0
  red: 0.0
stdev_sims:
  blue: 0.0
  red: 0.0
stdev_unhappy: 0.005111962977286035
