avg_interface_density: 0.4080089783948372
avg_resources:
  blue: 200
  red: 200
avg_sims:
  blue: 0.3
  red: 0.3
avg_unhappy: 0.4080089783948372
stdev_interface_density: 0.0143261120570382
stdev_resources:
  blue: 0.0
  red: 0.0
stdev_sims:
  blue: 0.0
  red: 0.0
stdev_unhappy: 0.0143261120570382
